7 7
1 2 3 4 5 6 7
2 8 9 10 11 12 13
3 9 14 15 16 17 18
4 10 15 19 20 21 22
5 11 16 20 23 24 25
6 12 17 21 24 26 27
7 13 18 22 25 27 28

